0.559955
0.042308
0.195984
0.126857
0.057050
0.040722
0.082681
0.022836
0.017668
0.022567
0.018262
0.002513
0.013355
0.005995
0.000000
0.003357
0.004186
0.000441
0.001794
0.001242
0.000544
0.000394
0.000796
0.000221
0.000171
0.000218
0.000177
0.000024
0.000129
0.000058
0.000000
0.000033
0.000041
0.000004
0.000017
0.000012
0.000005
0.000004
0.000008
0.000002
0.000002
0.000002
0.000002
0.000000
0.000001
0.000001
0.000000
0.000000
0.000000
0.000000
0.000000
0.000000
0.000000
0.000000
0.000000
0.000000
0.000000
0.000000
0.000000
0.000000
0.000000
0.000000
0.000000
0.000000
0.000000
0.000000
0.000000
0.000000
0.000000
0.000000
0.000000
0.000000
0.000000
0.000000
0.000000
0.000000
0.000000
0.000000
0.000000
0.000000
0.000000
0.000000
0.000000
0.000000
0.000000
0.000000
0.000000
0.000000
0.000000
0.000000
0.000000
0.000000
0.000000
0.000000
0.000000
0.000000
0.000000
0.000000
0.000000
