1.000000 0.000000
1.050000 0.000129
1.100000 0.000229
1.150000 0.000281
1.200000 0.000275
1.250000 0.000213
1.300000 0.000099
1.350000 0.000055
1.400000 0.000236
1.450000 0.000429
1.500000 0.000618
1.550000 0.000790
1.600000 0.000930
1.650000 0.001028
1.700000 0.001073
1.750000 0.001059
1.800000 0.000981
1.850000 0.000836
1.900000 0.000623
1.950000 0.000344
2.000000 0.000000
2.050000 0.000404
2.100000 0.000862
2.150000 0.001369
2.200000 0.001917
2.250000 0.002499
2.300000 0.003108
2.350000 0.003735
2.400000 0.004372
2.450000 0.005011
2.500000 0.005645
2.550000 0.006267
2.600000 0.006867
2.650000 0.007441
2.700000 0.007982
2.750000 0.008483
2.800000 0.008940
2.850000 0.009347
2.900000 0.009700
2.950000 0.009995
3.000000 0.010228
3.050000 0.010397
3.100000 0.010498
3.150000 0.010530
3.200000 0.010491
3.250000 0.010380
3.300000 0.010195
3.350000 0.009936
3.400000 0.009603
3.450000 0.009195
3.500000 0.008713
3.550000 0.008157
3.600000 0.007528
3.650000 0.006826
3.700000 0.006054
3.750000 0.005211
3.800000 0.004300
3.850000 0.003321
3.900000 0.002277
3.950000 0.001170
4.000000 0.000000
4.050000 0.001230
4.100000 0.002518
4.150000 0.003863
4.200000 0.005262
4.250000 0.006713
4.300000 0.008214
4.350000 0.009764
4.400000 0.011360
4.450000 0.013001
4.500000 0.014683
4.550000 0.016406
4.600000 0.018167
4.650000 0.019965
4.700000 0.021797
4.750000 0.023661
4.800000 0.025556
4.850000 0.027480
4.900000 0.029430
4.950000 0.031407
5.000000 0.033406
5.050000 0.035428
5.100000 0.037470
5.150000 0.039531
5.200000 0.041610
5.250000 0.043704
5.300000 0.045813
5.350000 0.047934
5.400000 0.050068
5.450000 0.052211
5.500000 0.054364
5.550000 0.056525
5.600000 0.058693
5.650000 0.060867
5.700000 0.063045
5.750000 0.065226
5.800000 0.067411
5.850000 0.069597
5.900000 0.071784
5.950000 0.073971
6.000000 0.076157
6.050000 0.078341
6.100000 0.080523
6.150000 0.082702
6.200000 0.084876
6.250000 0.087047
6.300000 0.089212
6.350000 0.091371
6.400000 0.093524
6.450000 0.095670
6.500000 0.097809
6.550000 0.099939
6.600000 0.102062
6.650000 0.104176
6.700000 0.106280
6.750000 0.108375
6.800000 0.110460
6.850000 0.112535
6.900000 0.114599
6.950000 0.116652
7.000000 0.118694
7.050000 0.120725
7.100000 0.122744
7.150000 0.124751
7.200000 0.126746
7.250000 0.128728
7.300000 0.130698
7.350000 0.132656
7.400000 0.134600
7.450000 0.136531
7.500000 0.138450
7.550000 0.140355
7.600000 0.142246
7.650000 0.144124
7.700000 0.145989
7.750000 0.147840
7.800000 0.149677
7.850000 0.151501
7.900000 0.153311
7.950000 0.155107
8.000000 0.156889
8.050000 0.158657
8.100000 0.160412
8.150000 0.162152
8.200000 0.163879
8.250000 0.165592
8.300000 0.167291
8.350000 0.168976
8.400000 0.170647
8.450000 0.172304
8.500000 0.173948
8.550000 0.175578
8.600000 0.177194
8.650000 0.178796
8.700000 0.180385
8.750000 0.181960
8.800000 0.183522
8.850000 0.185071
8.900000 0.186606
8.950000 0.188127
9.000000 0.189636
9.050000 0.191131
9.100000 0.192613
9.150000 0.194082
9.200000 0.195539
9.250000 0.196982
9.300000 0.198412
9.350000 0.199830
9.400000 0.201235
9.450000 0.202628
9.500000 0.204008
9.550000 0.205376
9.600000 0.206732
9.650000 0.208075
9.700000 0.209406
9.750000 0.210726
9.800000 0.212033
9.850000 0.213329
9.900000 0.214612
9.950000 0.215885
10.000000 0.217145
10.050000 0.218394
10.100000 0.219632
10.150000 0.220859
10.200000 0.222074
10.250000 0.223279
10.300000 0.224472
10.350000 0.225655
10.400000 0.226827
10.450000 0.227988
10.500000 0.229138
10.550000 0.230278
10.600000 0.231408
10.650000 0.232528
10.700000 0.233637
10.750000 0.234736
10.800000 0.235825
10.850000 0.236904
10.900000 0.237973
10.950000 0.239033
11.000000 0.240083
11.050000 0.241123
11.100000 0.242154
11.150000 0.243176
11.200000 0.244188
11.250000 0.245191
11.300000 0.246185
11.350000 0.247170
11.400000 0.248146
11.450000 0.249114
11.500000 0.250072
11.550000 0.251022
11.600000 0.251963
11.650000 0.252896
11.700000 0.253820
11.750000 0.254737
11.800000 0.255644
11.850000 0.256544
11.900000 0.257436
11.950000 0.258319
12.000000 0.259195
12.050000 0.260063
12.100000 0.260923
12.150000 0.261775
12.200000 0.262620
12.250000 0.263458
12.300000 0.264288
12.350000 0.265110
12.400000 0.265925
12.450000 0.266733
12.500000 0.267534
12.550000 0.268328
12.600000 0.269115
12.650000 0.269895
12.700000 0.270668
12.750000 0.271434
12.800000 0.272194
12.850000 0.272946
12.900000 0.273693
12.950000 0.274432
13.000000 0.275166
13.050000 0.275893
13.100000 0.276613
13.150000 0.277328
13.200000 0.278036
13.250000 0.278738
13.300000 0.279434
13.350000 0.280124
13.400000 0.280808
13.450000 0.281486
13.500000 0.282159
13.550000 0.282825
13.600000 0.283486
13.650000 0.284142
13.700000 0.284791
13.750000 0.285436
13.800000 0.286074
13.850000 0.286708
13.900000 0.287336
13.950000 0.287958
14.000000 0.288576
14.050000 0.289188
14.100000 0.289795
14.150000 0.290397
14.200000 0.290994
14.250000 0.291586
14.300000 0.292173
14.350000 0.292755
14.400000 0.293332
14.450000 0.293905
14.500000 0.294472
14.550000 0.295036
14.600000 0.295594
14.650000 0.296148
14.700000 0.296697
14.750000 0.297242
14.800000 0.297782
14.850000 0.298318
14.900000 0.298850
14.950000 0.299377
15.000000 0.299900
15.050000 0.300418
15.100000 0.300933
15.150000 0.301443
15.200000 0.301949
15.250000 0.302451
15.300000 0.302950
15.350000 0.303444
15.400000 0.303934
15.450000 0.304420
15.500000 0.304902
15.550000 0.305381
15.600000 0.305856
15.650000 0.306327
15.700000 0.306794
15.750000 0.307257
15.800000 0.307717
15.850000 0.308173
15.900000 0.308626
15.950000 0.309075
16.000000 0.309521
16.050000 0.309963
16.100000 0.310402
16.150000 0.310837
16.200000 0.311269
16.250000 0.311697
16.300000 0.312123
16.350000 0.312545
16.400000 0.312963
16.450000 0.313379
16.500000 0.313791
16.550000 0.314200
16.600000 0.314606
16.650000 0.315009
16.700000 0.315409
16.750000 0.315806
16.800000 0.316200
16.850000 0.316591
16.900000 0.316979
16.950000 0.317364
17.000000 0.317746
17.050000 0.318125
17.100000 0.318501
17.150000 0.318875
17.200000 0.319246
17.250000 0.319614
17.300000 0.319979
17.350000 0.320342
17.400000 0.320702
17.450000 0.321059
17.500000 0.321413
17.550000 0.321765
17.600000 0.322115
17.650000 0.322462
17.700000 0.322806
17.750000 0.323148
17.800000 0.323487
17.850000 0.323824
17.900000 0.324158
17.950000 0.324490
18.000000 0.324820
18.050000 0.325147
18.100000 0.325472
18.150000 0.325794
18.200000 0.326115
18.250000 0.326433
18.300000 0.326748
18.350000 0.327062
18.400000 0.327373
18.450000 0.327682
18.500000 0.327988
18.550000 0.328293
18.600000 0.328595
18.650000 0.328896
18.700000 0.329194
18.750000 0.329490
18.800000 0.329784
18.850000 0.330076
18.900000 0.330366
18.950000 0.330654
19.000000 0.330940
19.050000 0.331224
19.100000 0.331506
19.150000 0.331786
19.200000 0.332064
19.250000 0.332340
19.300000 0.332614
19.350000 0.332887
19.400000 0.333157
19.450000 0.333426
19.500000 0.333693
19.550000 0.333958
19.600000 0.334221
19.650000 0.334482
19.700000 0.334742
19.750000 0.335000
19.800000 0.335256
19.850000 0.335511
19.900000 0.335763
19.950000 0.336014
